300 2 2  2
52.615 183.460 900.873
173.877 7.767 956.744
13.829 11.880 1048.872
10.772 61.568 982.875
80.476 104.879 1013.531
102.564 146.135 964.971
193.020 101.342 1020.579
174.565 191.093 972.912
109.963 66.603 984.215
1.809 127.613 1012.304
197.591 36.293 1021.074
165.527 185.778 972.311
20.034 108.082 966.078
51.817 90.165 931.305
155.429 122.529 1046.267
187.167 71.331 1025.599
28.662 13.222 999.946
156.295 136.816 1007.794
85.101 52.171 1063.228
83.928 95.964 1009.463
127.016 60.823 1062.342
59.013 138.230 968.923
182.164 59.261 988.034
195.406 184.438 1010.264
79.903 51.708 1042.398
190.573 81.300 921.116
160.669 56.808 1026.971
64.879 146.136 1031.875
54.044 182.123 1064.038
144.344 2.382 985.997
127.025 184.898 1041.155
80.883 181.766 935.395
115.726 5.774 1026.478
91.899 86.257 1034.316
82.614 7.637 997.820
166.654 156.007 1007.665
55.678 195.745 1013.816
84.608 61.442 1046.270
46.540 0.352 1061.895
72.225 134.568 991.636
131.483 32.695 975.994
155.529 179.018 920.694
107.686 113.614 1089.188
4.526 193.294 1093.929
127.890 159.257 931.987
102.867 40.655 946.102
53.887 117.908 912.698
39.287 127.511 1002.202
46.975 10.449 982.522
64.675 144.090 939.765
22.734 126.403 1020.774
178.746 155.132 1031.249
31.305 101.569 969.741
177.901 176.065 895.661
184.174 64.542 966.189
137.527 9.123 950.997
5.980 57.192 1028.772
8.833 82.780 1013.142
174.655 100.684 1008.757
1.702 31.967 876.859
161.320 98.672 993.054
50.745 83.728 958.132
112.116 148.764 937.401
110.352 22.112 1025.762
64.110 118.809 1051.944
31.110 132.470 938.120
194.753 0.663 960.632
49.003 75.310 997.966
45.650 50.373 1013.601
103.606 169.734 1031.498
159.166 104.247 985.907
83.825 18.790 1033.666
70.390 172.763 1074.740
189.338 32.141 945.739
107.775 100.062 993.728
72.666 14.547 1160.198
88.667 61.049 988.764
66.371 63.903 1083.682
64.797 179.663 952.359
7.670 26.143 993.174
190.872 131.622 893.005
175.890 101.983 990.846
49.540 64.033 1034.085
130.891 30.710 958.368
103.298 79.916 1019.632
182.029 96.176 1032.446
168.631 115.907 967.962
145.457 84.626 995.161
153.129 183.905 944.922
53.616 178.418 925.623
42.401 138.997 937.743
16.568 106.826 1041.825
7.721 88.206 983.393
104.711 151.346 938.588
93.043 187.799 971.441
161.432 186.764 1010.646
147.006 59.356 1034.291
126.163 29.123 979.175
178.100 62.166 950.971
8.962 142.750 1029.908
69.810 79.384 1076.639
56.284 88.663 953.623
34.406 10.536 939.533
170.201 172.178 1004.323
132.502 40.655 996.119
29.744 12.571 989.894
66.820 19.495 955.356
176.525 0.910 979.473
12.663 8.825 989.647
108.812 194.672 985.228
78.798 194.740 1071.921
112.041 12.196 893.253
94.161 38.990 1021.254
92.108 159.808 1050.839
60.606 174.374 1025.569
49.180 80.989 1013.738
43.096 39.946 1007.906
132.303 29.273 1098.110
80.993 189.739 1001.986
63.832 59.701 1008.747
152.243 169.653 965.005
159.063 160.487 981.806
68.318 12.562 1003.476
34.745 124.758 970.885
175.949 31.945 968.853
87.568 29.148 1067.386
151.624 35.941 977.018
125.219 107.744 1050.903
158.610 194.588 966.915
30.729 191.056 1067.569
95.208 190.352 1068.247
117.711 29.404 958.225
193.549 199.863 979.457
32.129 163.271 1036.185
185.264 79.232 946.341
34.270 147.281 983.472
40.053 59.515 1065.477
191.911 58.598 1036.639
119.614 143.069 938.671
66.743 125.880 1049.194
40.900 168.332 1001.559
133.459 53.848 974.243
183.218 62.349 1046.277
115.462 128.245 913.359
87.662 92.758 968.213
26.473 169.021 1022.261
117.217 143.010 1030.660
41.832 133.351 958.625
63.437 7.566 974.672
87.918 134.833 993.825
63.955 57.211 1009.964
176.948 110.667 970.808
46.895 134.550 972.758
171.956 97.291 1010.555
38.689 98.789 1080.501
49.297 68.659 949.618
148.514 46.243 1035.096
12.908 142.033 987.314
64.570 23.984 900.522
158.898 37.664 1039.874
76.373 27.736 987.153
108.977 97.720 1050.602
190.781 184.574 1091.832
184.022 29.360 907.841
51.617 0.741 1057.878
132.439 49.378 965.666
59.230 139.478 1034.284
87.682 32.388 955.376
62.862 67.644 1058.879
136.739 79.856 966.078
116.793 112.888 954.164
100.068 65.840 979.251
109.281 173.571 1005.182
117.112 85.566 1057.052
152.251 171.411 1038.518
79.160 116.456 951.664
7.300 45.812 1052.998
132.517 165.747 961.828
157.380 132.620 1026.513
140.824 28.757 983.381
137.681 126.927 1019.633
167.647 97.832 1036.704
110.567 44.823 932.416
53.317 50.412 1035.191
100.210 183.565 888.728
141.695 48.071 974.186
177.677 24.105 981.759
39.678 21.491 911.822
124.922 12.735 992.624
95.287 35.883 1020.980
91.105 179.126 954.090
49.602 57.756 1035.776
10.400 83.100 983.549
55.086 17.040 975.868
154.640 145.037 1059.330
188.120 119.149 1017.912
179.488 77.570 967.541
75.654 163.711 1042.874
12.502 77.059 1065.738
88.917 53.175 1010.306
0.110 138.573 1045.526
22.454 106.213 962.759
184.768 199.637 959.232
17.130 80.647 1079.764
5.504 43.208 919.823
9.514 28.651 1037.595
71.484 137.856 992.409
161.113 22.181 1105.142
45.801 45.570 1011.674
68.557 169.538 973.736
92.149 146.258 1018.161
130.105 25.593 982.354
12.744 24.097 987.715
50.895 23.739 991.429
167.191 143.404 1014.738
65.738 189.277 969.293
63.739 113.333 985.223
179.758 112.892 987.993
172.330 79.452 892.719
73.346 67.393 1012.770
168.374 1.527 931.504
6.993 186.787 939.783
37.457 178.048 1051.943
81.565 6.430 961.556
43.633 24.453 964.257
154.541 18.960 999.268
194.819 174.643 1000.774
68.983 152.171 953.364
186.815 120.556 1000.192
135.823 83.392 1075.933
10.520 36.613 1100.787
102.651 58.138 1055.969
61.693 182.080 1049.540
66.914 194.172 972.725
133.428 141.731 932.799
15.073 31.286 1044.636
196.449 101.087 942.811
184.382 88.156 963.777
101.825 97.204 1014.650
23.044 160.799 971.064
103.879 199.316 997.023
106.525 56.666 1083.144
40.987 145.344 1012.106
190.160 132.268 1053.219
75.849 106.084 938.812
19.791 110.794 977.271
83.359 153.426 880.796
68.491 113.131 996.906
164.341 159.723 882.751
134.242 181.153 1108.860
66.842 127.682 999.237
103.480 162.700 957.254
80.912 64.471 1107.657
181.717 160.922 1055.213
189.696 163.983 933.976
43.971 29.215 1020.539
153.352 156.373 987.486
4.457 154.953 953.132
26.276 107.434 1051.045
76.668 59.262 922.632
29.142 151.582 998.165
141.251 156.860 1013.221
175.660 192.867 976.240
199.934 33.039 961.416
69.171 149.849 994.454
116.463 100.298 896.530
19.925 6.116 1043.704
166.275 27.453 1027.447
160.209 122.542 989.286
187.688 82.884 981.539
132.273 122.425 1001.987
32.958 72.662 1005.633
81.661 65.575 1073.092
36.298 98.810 968.481
6.828 147.197 935.878
51.199 158.662 1073.432
168.021 191.103 1062.195
189.728 171.697 1088.339
185.613 63.226 982.091
60.986 111.877 959.196
2.073 23.679 1014.394
95.265 189.276 861.062
169.225 100.262 1025.084
2.556 134.027 992.597
189.241 59.481 1010.096
181.791 54.528 1071.730
96.801 108.854 1051.090
30.902 136.446 905.709
177.924 178.385 1037.718
91.440 144.572 1060.949
181.861 147.605 1063.303
161.483 144.823 1000.039
81.570 129.432 1062.807
41.344 194.972 990.476
1.681 52.071 980.125
72.297 58.397 891.069
39.512 29.485 956.023
183.286 96.191 881.130
86.179 135.664 1075.806
134.338 49.126 885.105
0.000 183.093 10638.630
40.903 0.000 9902.872
