aster_i aster_j calculated_force angle
--- asteroids vs asteroids ---
0 1 0.00126224 -0.785398
0 2 0.00203796 0.785398
1 2 0.00261286 -0.0256961
--- asteroids vs planets ---
0 0 0.0181329 0.785398
0 1 0.0207523 -0.0172804
0 2 3.57481 0.0799923
1 0 0.0183682 -0.785398
1 1 0.0519289 0.0690431
1 2 0.298128 -0.243902

******************** ITERATION *******************
--- asteroids vs asteroids ---
0 1 0.00126224 -0.785398
0 2 0.00203796 0.785398
1 2 0.00261286 -0.0256962
--- asteroids vs planets ---
0 0 0.0181329 0.785398
0 1 0.0207523 -0.0172804
0 2 3.57479 0.0799922
1 0 0.0183682 -0.785398
1 1 0.0519289 0.0690431
1 2 0.298129 -0.243902

******************** ITERATION *******************
